20

0.58545332 0.00000000 0.00000000 0.88824806 0.26128597 0.79424385 0.00000000 0.00000000 0.45815314 0.95598135 0.86276944 0.01549386 0.00000000 0.65203702 0.00000000 0.00000000 0.03068652 0.27372724 0.00000000 0.37028603

0.00000000 0.00000000 0.83616252 0.07901879 0.16547649 0.51244040 0.25969556 0.08596385 0.00000000 0.00000000 0.44421808 0.20742707 0.24844854 0.00000000 0.00000000 0.06510364 0.07247418 0.00000000 0.57380207 0.49679213

0.88869640 0.42771828 0.82851758 0.00000000 0.17983106 0.96929947 0.61660846 0.75650262 0.00000000 0.92183440 0.00000000 0.64818481 0.88709469 0.00000000 0.85593226 0.51794157 0.22022047 0.17955928 0.00000000 0.00000000

0.76204888 0.64757324 0.41293045 0.00000000 0.12299085 0.00000000 0.00000000 0.49833916 0.91453937 0.77512548 0.71794849 0.62501395 0.00000000 0.00000000 0.05771227 0.03507671 0.00000000 0.00000000 0.81137614 0.00000000

0.87564332 0.00000000 0.37812928 0.00000000 0.03007401 0.00000000 0.00000000 0.00000000 0.00000000 0.00000000 0.00000000 0.11331058 0.86448209 0.83007124 0.15620180 0.00000000 0.48094313 0.75221792 0.97102055 0.00000000

0.10514559 0.00000000 0.60643406 0.00000000 0.00000000 0.00000000 0.16770201 0.00000000 0.00000000 0.00000000 0.00000000 0.00000000 0.62799097 0.86503540 0.00000000 0.37716836 0.00000000 0.00000000 0.00000000 0.00000000

0.48816243 0.00000000 0.00000000 0.00000000 0.08445957 0.08540501 0.00000000 0.26494730 0.00000000 0.26630074 0.00000000 0.00000000 0.00000000 0.27829475 0.00000000 0.00000000 0.57840548 0.02679277 0.37403902 0.99578479

0.00000000 0.00000000 0.42635981 0.91472577 0.00000000 0.00000000 0.00000000 0.62895723 0.00000000 0.79231223 0.00000000 0.00000000 0.23509206 0.00000000 0.51913150 0.52145750 0.83142377 0.87528437 0.23125495 0.27560807

0.00000000 0.00000000 0.80596843 0.00000000 0.00000000 0.83923665 0.79598542 0.45903229 0.00000000 0.00000000 0.00000000 0.13864643 0.04506550 0.62326880 0.00000000 0.00000000 0.18220061 0.00000000 0.00000000 0.00000000

0.58582852 0.76750485 0.00000000 0.00000000 0.60133035 0.37824383 0.00000000 0.26420369 0.00000000 0.00000000 0.20451413 0.34630536 0.26805751 0.00000000 0.00000000 0.48919810 0.00000000 0.00000000 0.89521364 0.87000434

0.00000000 0.83081255 0.42728405 0.00000000 0.00000000 0.00000000 0.84200171 0.00000000 0.00000000 0.00000000 0.00000000 0.00000000 0.00000000 0.00000000 0.34568921 0.20452648 0.00000000 0.00000000 0.53463963 0.46859599

0.00000000 0.61306557 0.00000000 0.42704800 0.00000000 0.00000000 0.00000000 0.92840394 0.22295842 0.00000000 0.00000000 0.00000000 0.00000000 0.90789652 0.33843831 0.00000000 0.00000000 0.00000000 0.00000000 0.00000000

0.57065280 0.00000000 0.65136974 0.96150898 0.00000000 0.51638456 0.00000000 0.19597773 0.47629311 0.00000000 0.00000000 0.51109763 0.00000000 0.85285873 0.90210898 0.11420251 0.51421742 0.00000000 0.97938594 0.00000000

0.00799741 0.60481494 0.00000000 0.00000000 0.92065450 0.00000000 0.24502686 0.00000000 0.00000000 0.57824362 0.00000000 0.00000000 0.92634861 0.22688066 0.00000000 0.00000000 0.00000000 0.00000000 0.00000000 0.00000000

0.07256102 0.00000000 0.32087718 0.00000000 0.12181554 0.00000000 0.58858071 0.00000000 0.70363269 0.00000000 0.69439554 0.88945208 0.00000000 0.04888072 0.00000000 0.00000000 0.00000000 0.43610715 0.15505012 0.00000000

0.23854172 0.88201096 0.37144920 0.00000000 0.00000000 0.00000000 0.00000000 0.02274451 0.82413565 0.00000000 0.24385176 0.74895599 0.00000000 0.00000000 0.00000000 0.00000000 0.94586317 0.00000000 0.00000000 0.00000000

0.79619031 0.64735212 0.19995282 0.00000000 0.00000000 0.00000000 0.60536232 0.72505855 0.26121983 0.06275939 0.67723998 0.89708739 0.03088450 0.00000000 0.00000000 0.00000000 0.00000000 0.00000000 0.30087230 0.28270546

0.55476905 0.00000000 0.60364613 0.01364317 0.97306763 0.80394000 0.70202251 0.10206001 0.00000000 0.00000000 0.00000000 0.00000000 0.79806751 0.00000000 0.00000000 0.00000000 0.40599707 0.00000000 0.26428585 0.00000000

0.91765012 0.46490530 0.00454545 0.00000000 0.25474154 0.00000000 0.00000000 0.68500659 0.00000000 0.00000000 0.00000000 0.98804701 0.09037853 0.00000000 0.00000000 0.00000000 0.72088652 0.67427631 0.00000000 0.98313694

0.19656835 0.58112463 0.86707571 0.00000000 0.74722610 0.99621482 0.64887177 0.00000000 0.04192118 0.00000000 0.00000000 0.00000000 0.00000000 0.00000000 0.00000000 0.04436137 0.00000000 0.84727373 0.00000000 0.00000000
